{
    "_versionMajor": 0,
    "_versionMinor": 2,
    "boundsCenter": {
        "x": 0,
        "y": 0,
        "z": 2.9060213565826416
    },
    "boundsSize": {
        "x": 6.845274448394775,
        "y": 3.849496841430664,
        "z": 0.7267308235168457
    },
    "clipEpsilon": 0.006880126427859068,
    "crop": {
        "w": 0.5843373537063599,
        "x": 0.3594377636909485,
        "y": 0.41566264629364014,
        "z": 0.24096381664276123
    },
    "depthFocalLength": {
        "x": 917.0155029296875,
        "y": 917.24658203125
    },
    "depthImageSize": {
        "x": 1920.0,
        "y": 1080.0
    },
    "depthPrincipalPoint": {
        "x": 955.911865234375,
        "y": 553.0552368164063
    },
    "extrinsics": {
        "e00": 1.0,
        "e01": 0.0,
        "e02": 0.0,
        "e03": 0.0,
        "e10": 0.0,
        "e11": 1.0,
        "e12": 0.0,
        "e13": 0.0,
        "e20": 0.0,
        "e21": 0.0,
        "e22": 1.0,
        "e23": 0.0,
        "e30": 0.0,
        "e31": 0.0,
        "e32": 0.0,
        "e33": 1.0
    },
    "farClip": 3.2693867683410645,
    "format": "perpixel",
    "nearClip": 2.5426559448242188,
    "numAngles": 1,
    "textureHeight": 1248,
    "textureWidth": 448
}
