{
    "_versionMajor": 0,
    "_versionMinor": 2,
    "boundsCenter": {
        "x": 0,
        "y": 0,
        "z": 2.4557597637176514
    },
    "boundsSize": {
        "x": 6.432216644287109,
        "y": 3.6172103881835938,
        "z": 1.2326912879943848
    },
    "clipEpsilon": 0.004056165460497141,
    "crop": {
        "w": 0.5481927394866943,
        "x": 0.3674698770046234,
        "y": 0.4518072307109833,
        "z": 0.24899598956108093
    },
    "depthFocalLength": {
        "x": 917.0155029296875,
        "y": 917.24658203125
    },
    "depthImageSize": {
        "x": 1920.0,
        "y": 1080.0
    },
    "depthPrincipalPoint": {
        "x": 955.911865234375,
        "y": 553.0552368164063
    },
    "extrinsics": {
        "e00": 1.0,
        "e01": 0.0,
        "e02": 0.0,
        "e03": 0.0,
        "e10": 0.0,
        "e11": 1.0,
        "e12": 0.0,
        "e13": 0.0,
        "e20": 0.0,
        "e21": 0.0,
        "e22": 1.0,
        "e23": 0.0,
        "e30": 0.0,
        "e31": 0.0,
        "e32": 0.0,
        "e33": 1.0
    },
    "farClip": 3.0721054077148438,
    "format": "perpixel",
    "nearClip": 1.839414119720459,
    "numAngles": 1,
    "textureHeight": 1184,
    "textureWidth": 464
}
